ADMINS=1418628835
BOT_TOKEN=5723563195:AAHuqn1NQdGnA56Uge29jY6RZAtd-0rval4
PROVIDER_TOKEN=398062629:TEST:999999999_F91D8F69C042267444B74CC0B3C747757EB0E065
MAP=39.123456,65.46567
DELIVERY_TO_KM=5000
ip=localhost #Server hosti
